52
7 0 1 1 1 1 1 9
10 0 4 8 5 2 3 5 1 6 4
7 0 5 8 2 3 1 5
10 0 1 11 9 2 1 3 1 2 4
7 0 1 1 1 1 1 9
10 0 4 8 5 2 3 5 1 6 4
7 0 5 8 2 3 1 5
7 0 1 1 1 1 1 9
10 0 4 8 5 2 3 5 1 6 4
7 0 5 8 2 3 1 5
10 0 1 11 9 2 1 3 1 2 4
10 0 1 11 9 2 1 3 1 2 4
7 0 1 1 1 1 1 9
7 0 1 1 1 1 1 9
10 0 4 8 5 2 3 5 1 6 4
7 0 5 8 2 3 1 5
10 0 1 11 9 2 1 3 1 2 4
7 0 1 1 1 1 1 9
10 0 4 8 5 2 3 5 1 6 4
7 0 5 8 2 3 1 5
10 0 1 11 9 2 1 3 1 2 4
10 0 4 8 5 2 3 5 1 6 4
7 0 1 1 1 1 1 9
10 0 4 8 5 2 3 5 1 6 4
7 0 5 8 2 3 1 5
10 0 1 11 9 2 1 3 1 2 4
7 0 1 1 1 1 1 9
10 0 4 8 5 2 3 5 1 6 4
7 0 5 8 2 3 1 5
10 0 1 11 9 2 1 3 1 2 4
7 0 5 8 2 3 1 5
10 0 1 11 9 2 1 3 1 2 4
7 0 1 1 1 1 1 9
10 0 4 8 5 2 3 5 1 6 4
7 0 5 8 2 3 1 5
10 0 1 11 9 2 1 3 1 2 4
7 0 1 1 1 1 1 9
10 0 4 8 5 2 3 5 1 6 4
7 0 5 8 2 3 1 5
10 0 1 11 9 2 1 3 1 2 4
7 0 1 1 1 1 1 9
10 0 4 8 5 2 3 5 1 6 4
7 0 5 8 2 3 1 5
10 0 1 11 9 2 1 3 1 2 4
7 0 1 1 1 1 1 9
10 0 4 8 5 2 3 5 1 6 4
7 0 5 8 2 3 1 5
10 0 1 11 9 2 1 3 1 2 4
7 0 1 1 1 1 1 9
10 0 4 8 5 2 3 5 1 6 4
7 0 5 8 2 3 1 5
10 0 1 11 9 2 1 3 1 2 4